#H ZHAC000103
#D Environment-dependent residue contact energies (rows = helix, cols = coil)
#R PMID:10706611
#A Zhang, C. and Kim, S.H.
#T Environment-dependent residue contact energies for proteins
#J Proc. Natl. Acad. Sci. USA 97, 2550-2555 (2000)
#M rows = ARNDCQEGHILKMFPSTWYV, cols = ARNDCQEGHILKMFPSTWYV
 0.12  1.17  0.84 0.90 -0.81  1.16 1.44  0.10  0.69 -0.81 -0.78 1.16 -0.22 -0.67  0.61  0.47  0.36 -0.72 -0.37 -0.43
 0.98  1.65  1.16 0.60 -0.21  1.26 1.12  1.09  1.16 -0.04 -0.09 2.37  0.47 -0.04  1.22  1.05  0.92 -0.09  0.06  0.32
 0.69  1.16  1.16 1.22 -0.06  1.23 1.45  0.96  0.88  0.26  0.12 1.48  0.32  0.03  1.14  0.73  0.62  0.62  0.53  0.23
 0.90  0.40  1.06 1.45  0.58  1.88 2.18  1.13  0.69  0.43  0.65 0.95  0.75  0.33  1.41  0.39  0.54 -0.10  0.12  0.77
-0.83  0.10  0.40 0.12 -2.65 -0.24 0.96 -0.26 -0.26 -1.61 -1.77 0.80 -1.02 -1.47 -0.31 -0.31 -0.49 -1.30 -0.98 -1.62
 1.13  1.10  1.28 1.37  0.14  1.62 1.84  1.29  1.31  0.05 -0.05 1.50  0.41  0.20  1.14  0.86  0.62  0.45  0.31  0.48
 1.33  0.91  1.33 1.60  0.31  1.60 1.93  1.62  1.01  0.33  0.38 1.12  0.82  0.55  1.54  0.78  0.54  0.23  0.52  0.86
-0.22  0.72  0.27 0.47 -0.95  0.42 1.39 -0.23  0.40 -0.48 -0.81 1.04 -0.62 -0.36  0.41  0.23 -0.04 -0.71  0.08 -0.35
 0.47  0.81  0.95 0.51 -1.56  0.90 0.89  0.86  0.20 -0.43 -0.48 1.31 -0.63 -0.41  0.56  0.40  0.28 -0.20 -0.22 -0.21
-0.58  0.17  0.61 0.46 -1.17  0.24 0.80  0.04 -0.16 -1.64 -1.66 0.87 -0.89 -1.56 -0.27  0.02 -0.32 -1.40 -1.13 -1.36
-0.44  0.20  0.50 0.71 -1.56  0.11 0.82  0.28 -0.15 -1.67 -1.62 0.72 -0.96 -1.55  0.02  0.19 -0.09 -1.46 -0.95 -1.32
 1.07  2.48  1.75 0.98  0.42  1.68 1.04  1.31  1.39  0.41  0.29 2.95  0.98  0.27  1.63  1.51  1.48  0.32  0.60  0.64
-0.22  0.65  0.76 0.88 -0.95  0.68 1.92  0.27  0.31 -1.32 -1.04 1.02 -0.57 -1.60  0.07  0.47  0.04 -1.29 -0.85 -0.82
-0.33 -0.06  0.42 0.42 -1.90  0.25 0.64  0.12 -0.01 -1.64 -1.50 0.58 -1.36 -1.77 -0.30  0.02  0.04 -1.41 -1.36 -1.34
 0.78  1.30  1.31 1.27 -0.04  1.44 1.71  0.69  0.84  0.05  0.15 1.68  0.38  0.27  1.05  1.19  0.83 -0.24  0.23  0.12
 0.46  1.07  1.04 0.73 -0.31  1.47 1.23  0.57  0.58 -0.11 -0.24 1.37  0.08 -0.34  0.76  0.51  0.48 -0.04  0.47  0.18
 0.50  0.90  0.75 0.91 -0.26  1.03 1.25  0.55  0.55 -0.20 -0.26 1.42  0.50 -0.22  0.88  0.69  0.56  0.41  0.11 -0.15
-0.41 -0.06 -0.19 0.32 -0.79 -0.14 0.58  0.07 -0.62 -1.58 -1.16 0.18 -1.03 -1.33 -0.56  0.15 -0.19 -1.83 -0.67 -0.92
-0.22 -0.07  0.52 0.46 -0.87  0.38 0.59  0.40 -0.17 -1.29 -1.15 0.83 -0.98 -1.16 -0.16  0.34 -0.12 -0.79 -0.77 -0.78
-0.51  0.49  0.48 0.67 -1.40  0.66 0.63 -0.06  0.28 -1.25 -1.50 1.14 -0.93 -1.36 -0.04  0.10 -0.01 -1.11 -0.82 -1.14

