#H ZHAC000102
#D Environment-dependent residue contact energies (rows = helix, cols = strand)
#R PMID:10706611
#A Zhang, C. and Kim, S.H.
#T Environment-dependent residue contact energies for proteins
#J Proc. Natl. Acad. Sci. USA 97, 2550-2555 (2000)
#M rows = ARNDCQEGHILKMFPSTWYV, cols = ARNDCQEGHILKMFPSTWYV
-0.94  1.26  0.55 0.76 -1.54  1.14 1.57 -0.78  0.44 -1.59 -1.64  1.91 -0.90 -1.49  0.28  0.20 -0.04  -0.92 -0.75 -1.45
 0.56  1.79  2.31 0.79 -0.67  2.54 0.72  1.09  0.94 -0.01  0.01  3.68  0.89 -0.05  1.37  0.83  1.35   0.00  0.33  0.44
 0.59  2.21  1.82 0.77 -0.90  0.46 3.06 -0.16  0.63 -0.33  0.20  2.43  0.99  0.63  0.54  0.24  0.63   0.11 -0.19  0.23
 0.66  0.76  0.76 1.19 -0.21  1.66 2.22  0.29  0.57  0.59  0.79  1.13  1.41  0.49  1.70  1.03  1.19   1.85  0.18  0.86
-1.75  0.78 -1.00 0.32 -3.64  0.48 0.87 -1.67 -0.62 -2.77 -2.32  0.19 -1.22 -2.67 -1.62 -0.83 -1.14  -0.52 -1.94 -2.35
 0.33  2.15  1.22 1.26  1.37  1.17 2.56  0.92  1.02  0.11  0.00  2.58  0.79 -0.26  0.53  1.19  1.11   0.21  0.39  0.15
 0.82  1.05  2.18 2.11  0.01  2.42 2.58  1.15  0.97  0.20  0.31  1.31  1.25  0.12  2.00  1.09  1.13   0.58  0.31  0.39
-0.40  0.95  0.03 0.14 -1.00  0.34 0.99 -1.32  0.13 -1.40 -1.36  1.58 -0.90 -1.41  0.82 -0.27  0.21  -0.59 -1.27 -1.09
-0.75  2.19  0.13 0.68 -1.37  1.98 1.13  0.01  1.52 -0.83 -0.58  2.26 -0.82 -1.01  0.53 -0.17  0.02 -49.00 -0.61 -0.56
-1.99  0.25 -0.20 1.00 -2.44 -0.12 0.88 -1.54 -0.05 -2.64 -2.33  0.75 -1.85 -2.46 -1.06 -0.59 -0.65  -1.82 -1.88 -2.45
-2.02  0.34 -0.04 0.13 -2.29  0.24 0.73 -1.27 -0.46 -2.53 -2.44  0.67 -1.80 -2.28 -1.29 -0.40 -0.34  -1.76 -1.66 -2.26
 0.60  3.11  2.23 1.06  0.50  1.80 1.65  0.82  1.25  0.10  0.34  3.51  0.98 -0.21  1.15  2.09  1.30  -0.14  0.28  0.13
-1.54 -0.06 -0.63 1.76 -2.51  0.14 0.72 -1.74  0.07 -2.27 -2.22  1.27 -1.77 -1.87  0.34 -0.02 -0.21  -0.93 -1.54 -1.81
-2.12  0.33 -0.70 0.17 -2.30 -0.59 0.26 -1.60 -0.88 -2.53 -2.44 -0.42 -1.83 -2.68 -1.40 -0.82 -0.61  -1.63 -1.83 -2.25
 0.63  2.43 -0.19 1.31 -1.63  1.46 1.91  0.08  1.11 -0.20  0.47  1.94 -0.34  0.15  0.57  0.00  1.15   0.06  0.26 -0.06
-0.41  0.88  1.02 1.04 -0.21  1.27 0.94  0.04  0.75 -0.48 -0.67  2.28  0.45 -0.92  0.75  0.50  0.96   0.22 -0.19 -0.54
-0.32  1.48  0.35 0.43 -1.44  0.38 1.36 -0.38  0.20 -1.14 -1.00  1.38 -0.35 -0.97 -0.05 -0.16  0.29  -0.53 -0.76 -0.73
-1.85  0.45 -0.03 0.80 -1.64 -0.23 0.11 -0.95  0.67 -1.58 -2.13  0.61 -1.75 -1.59 -1.07 -0.34 -0.40  -1.29 -1.27 -1.79
-0.88 -0.20 -0.29 0.14 -1.31  0.09 0.71 -0.56 -0.57 -1.66 -1.38  1.40 -1.60 -1.97 -0.73 -0.32 -0.37  -1.40 -0.96 -1.38
-1.74  0.85  0.24 0.72 -2.25  0.45 0.81 -1.29 -0.24 -2.46 -2.38  0.37 -1.21 -2.16 -1.00 -0.10 -0.57  -1.34 -1.52 -2.31
