#H ZHAC000105
#D Environment-dependent residue contact energies (rows = strand, cols = coil)
#R PMID:10706611
#A Zhang, C. and Kim, S.H.
#T Environment-dependent residue contact energies for proteins
#J Proc. Natl. Acad. Sci. USA 97, 2550-2555 (2000)
#M rows = ARNDCQEGHILKMFPSTWYV, cols = ARNDCQEGHILKMFPSTWYV
-0.57  0.47 0.30 0.62 -1.60 0.45 0.61 -0.24  0.07 -1.64 -1.63 0.62 -1.03 -1.55 -0.11 -0.10 -0.34 -1.44 -0.39 -1.55
 0.23  0.79 0.76 0.39 -0.41 0.92 0.76  0.52  0.51 -0.30  0.13 1.58  0.88 -0.07  0.60  0.65  0.37  0.14  0.32  0.17
-0.28  0.74 0.57 0.87 -0.68 0.52 1.00 -0.07  0.32 -0.31 -0.08 0.87  0.29 -0.17  0.57  0.11  0.19  0.04  0.24 -0.23
 0.15 -0.25 0.46 0.69 -0.46 0.41 1.34  0.56 -0.51 -0.23  0.27 0.59  0.60 -0.38  1.02  0.08  0.05 -0.48  0.02  0.34
-1.19 -0.46 0.21 0.51 -3.30 0.26 0.20 -1.03 -0.72 -1.55 -1.71 0.27 -1.24 -1.70 -0.50 -0.55 -0.97 -0.67 -1.26 -1.62
 0.63  1.18 0.92 1.37 -0.30 0.93 1.27  0.56  0.91 -0.28 -0.11 0.98  0.15 -0.30  0.64  0.88  0.68 -0.44  0.66  0.15
 0.97  0.89 1.37 1.89  0.30 1.25 2.34  0.98  0.58  0.20  0.50 0.67  1.23  0.58  1.26  0.95  1.06  0.04  0.87  0.48
-0.64  0.12 0.27 0.31 -1.37 0.38 0.98 -0.40 -0.12 -1.58 -1.40 0.78 -0.46 -1.38 -0.21  0.05 -0.26 -1.41 -0.61 -1.13
-0.02  0.75 0.68 0.14 -0.58 0.73 0.84  0.41 -0.64 -0.75  0.03 1.46 -0.16 -0.49  0.52  0.31 -0.11 -1.00 -0.58  0.03
-0.94 -0.14 0.31 0.26 -1.70 0.07 0.46 -0.37 -0.50 -1.88 -1.79 0.84 -0.99 -1.82 -0.47 -0.05 -0.54 -1.65 -1.09 -1.64
-0.76  0.32 0.43 0.25 -1.63 0.22 0.68 -0.17 -0.40 -1.84 -1.70 0.47 -1.06 -1.76 -0.39  0.09 -0.42 -1.81 -1.15 -1.64
 1.02  1.99 1.18 0.59  0.08 1.10 0.60  0.61  0.95  0.24  0.34 2.69  0.97 -0.03  1.23  1.07  0.83  0.00  0.26  0.36
-0.16  0.83 0.47 0.92 -1.63 0.36 0.71 -0.20  0.90 -1.00 -1.12 1.55 -0.31 -1.35 -0.01  0.34  0.20 -1.70 -0.60 -0.79
-0.70  0.03 0.63 0.15 -1.26 0.29 0.35 -0.11 -0.36 -1.73 -1.55 0.71 -0.97 -1.55 -0.28 -0.09 -0.32 -1.23 -0.91 -1.30
 0.17  0.50 0.60 0.67 -1.31 0.50 0.94  0.02 -0.45 -1.26 -0.91 1.08  0.83 -0.87  0.63  0.31  0.26 -0.50 -0.55 -0.79
-0.06  0.99 0.73 0.86 -0.89 0.85 0.67  0.08  0.06 -0.22 -0.29 0.94 -0.08 -0.41  0.67  0.33  0.13 -1.01  0.13 -0.24
 0.26  0.93 0.70 0.87 -0.78 0.58 1.20  0.12  0.52 -0.30 -0.24 1.11  0.01 -0.08  0.65  0.47  0.41 -0.31  0.12 -0.32
-0.03 -0.11 0.27 0.66 -1.50 0.65 0.50 -0.12 -0.32 -1.13 -1.01 0.52 -1.08 -1.04 -0.32 -0.03 -0.10 -0.67 -0.73 -0.64
-0.44  0.20 0.20 0.20 -1.26 0.16 0.10 -0.21 -0.52 -1.26 -1.30 0.60 -0.76 -1.17 -0.42  0.05 -0.27 -1.20 -0.75 -0.84
-0.83  0.20 0.48 0.62 -1.44 0.17 0.73 -0.12 -0.26 -1.64 -1.59 0.52 -0.70 -1.55 -0.28  0.12 -0.17 -1.16 -0.85 -1.42